0, 279, 168052, 14.908443
0, 333, 168052, 14.765305
0, 313, 168052, 14.642916
1, 350, 168052, 14.834259
1, 333, 168052, 14.625306
1, 313, 168052, 14.536912
2, 350, 168052, 14.986479
2, 333, 168052, 14.742176
2, 313, 168052, 14.724839
3, 350, 168052, 14.592794
3, 333, 168052, 14.438834
3, 313, 168052, 14.401632
4, 313, 168052, 14.616019
4, 350, 168052, 14.528728
4, 333, 168052, 14.382093
5, 350, 168052, 14.652879
5, 313, 168052, 14.617683
5, 333, 168052, 14.489452
6, 333, 168052, 14.700488
6, 279, 168052, 14.640393
6, 313, 168052, 14.599869
7, 351, 168052, 14.466484
7, 333, 168052, 14.388379
7, 350, 168052, 14.321569
8, 350, 168052, 14.424877
8, 313, 168052, 14.123449
8, 333, 168052, 14.094133
9, 313, 168052, 14.135322
9, 350, 168052, 13.953542
9, 351, 168052, 13.233736
10, 313, 168052, 14.165940
10, 350, 168052, 14.078364
10, 351, 168052, 13.604718
11, 350, 168052, 14.456910
11, 313, 168052, 14.423807
11, 351, 168052, 14.098885
12, 278, 168052, 14.467700
12, 333, 168052, 14.395858
12, 351, 168052, 13.926038
13, 333, 168052, 14.101479
13, 350, 168052, 13.585561
13, 351, 168052, 12.996725
14, 350, 168052, 14.073618
14, 333, 168052, 14.062481
14, 351, 168052, 13.428451
15, 313, 168052, 13.812363
15, 333, 168052, 13.768122
15, 351, 168052, 13.411850
16, 279, 168052, 12.287248
16, 313, 168052, 12.035789
16, 278, 168052, 11.863950
17, 280, 168052, 12.331206
17, 281, 168052, 12.004557
17, 278, 168052, 11.693527
18, 281, 168052, 12.266244
18, 280, 168052, 12.145130
18, 278, 168052, 11.731617
19, 279, 168052, 10.279460
19, 281, 168052, 9.800032
19, 278, 168052, 9.673849
20, 335, 168052, 13.815607
20, 351, 168052, 13.795721
20, 350, 168052, 13.674643
21, 246, 168052, 14.096787
21, 281, 168052, 13.823782
21, 280, 168052, 13.769516
22, 246, 168052, 10.488478
22, 280, 168052, 10.389215
22, 278, 168052, 10.211895
23, 110, 168050, 11.533955
23, 246, 168052, 11.533237
23, 111, 168050, 10.867703
24, 115, 168050, 11.564582
24, 110, 168050, 11.045849
24, 111, 168050, 10.254863
25, 109, 168050, 11.435063
25, 111, 168050, 10.325919
25, 110, 168050, 10.209472
26, 114, 168050, 10.536945
26, 110, 168050, 9.663507
26, 111, 168050, 8.920148
27, 127, 168050, 10.909288
27, 280, 168052, 10.344845
27, 281, 168052, 10.258693
28, 280, 168052, 10.791533
28, 281, 168052, 10.461104
28, 247, 168052, 10.343992
29, 280, 168052, 10.919419
29, 115, 168050, 10.812801
29, 281, 168052, 10.382546
30, 281, 168052, 11.486012
30, 290, 168052, 11.026473
30, 287, 168052, 10.699491
31, 287, 168052, 11.560605
31, 110, 168050, 10.909816
31, 111, 168050, 10.500015
32, 260, 168052, 6.850051
32, 269, 168052, 6.344747
32, 287, 168052, 6.212106
33, 276, 168052, 5.911494
33, 269, 168052, 5.747581
33, 275, 168052, 5.442748
34, 285, 168052, 4.514554
34, 287, 168052, 3.748014
34, 290, 168052, 3.740947
35, 280, 168052, 4.102378
35, 287, 168052, 4.070189
35, 290, 168052, 3.443125
36, 287, 168052, 4.629574
36, 280, 168052, 4.321257
36, 281, 168052, 4.040755
37, 260, 168052, 5.974201
37, 280, 168052, 4.936444
37, 281, 168052, 4.467291
38, 288, 168052, 3.303477
38, 281, 168052, 2.773751
38, 280, 168052, 2.326435
39, 288, 168052, 3.645557
39, 281, 168052, 2.994438
39, 280, 168052, 2.733283
40, 279, 168052, 3.282676
40, 281, 168052, 3.162072
40, 280, 168052, 2.483070
41, 279, 168052, 3.177848
41, 281, 168052, 3.111716
41, 280, 168052, 2.464799
42, 276, 168052, 3.327150
42, 281, 168052, 2.929563
42, 280, 168052, 2.336674
43, 279, 168052, 3.526659
43, 281, 168052, 2.988792
43, 280, 168052, 2.590234
44, 288, 168052, 3.499520
44, 281, 168052, 3.143591
44, 280, 168052, 2.515109
45, 304, 168052, 5.038852
45, 310, 168052, 4.827401
45, 313, 168052, 4.480469
46, 304, 168052, 4.530048
46, 310, 168052, 4.357132
46, 313, 168052, 3.504216
47, 335, 168052, 4.305243
47, 313, 168052, 4.177607
47, 333, 168052, 3.714173
48, 351, 168052, 5.674634
48, 335, 168052, 5.613496
48, 333, 168052, 5.187930
49, 350, 168052, 5.031965
49, 351, 168052, 4.944746
49, 333, 168052, 4.866343
50, 302, 168052, 4.011071
50, 335, 168052, 3.465353
50, 333, 168052, 3.247957
51, 319, 168052, 4.676534
51, 334, 168052, 4.424818
51, 335, 168052, 3.604538
52, 334, 168052, 5.041233
52, 335, 168052, 4.506717
52, 333, 168052, 4.478469
53, 319, 168052, 4.889139
53, 334, 168052, 4.758123
53, 335, 168052, 4.479225
54, 317, 168052, 6.063572
54, 318, 168052, 5.686235
54, 319, 168052, 5.354892
55, 354, 168052, 6.641894
55, 350, 168052, 6.577437
55, 355, 168052, 5.968633
56, 355, 168052, 7.669888
56, 140, 168050, 7.289185
56, 127, 168050, 6.787814
57, 140, 168050, 6.525839
57, 138, 168050, 6.354418
57, 139, 168050, 6.142064
58, 161, 168050, 6.679647
58, 139, 168050, 5.970694
58, 140, 168050, 5.462269
59, 140, 168050, 8.740528
59, 160, 168050, 8.411316
59, 161, 168050, 8.096418
60, 140, 168050, 7.338922
60, 160, 168050, 7.201390
60, 161, 168050, 6.333295
61, 139, 168050, 9.885744
61, 166, 168050, 9.606501
61, 140, 168050, 9.496787
62, 170, 168050, 12.453683
62, 160, 168050, 12.433949
62, 161, 168050, 12.176598
63, 317, 168052, 12.538309
63, 319, 168052, 11.959582
63, 318, 168052, 11.860479
64, 170, 168050, 12.478225
64, 318, 168052, 12.047441
64, 198, 168050, 12.016000
65, 287, 168052, 11.778838
65, 280, 168052, 11.455303
65, 281, 168052, 11.036016
66, 318, 168052, 13.524897
66, 290, 168052, 13.118417
66, 287, 168052, 12.572122
67, 161, 168050, 14.227343
67, 170, 168050, 13.964831
67, 166, 168050, 13.473819
68, 165, 168050, 12.938441
68, 170, 168050, 12.660110
68, 166, 168050, 11.834272
69, 198, 168050, 14.503505
69, 170, 168050, 14.086415
69, 166, 168050, 13.868296
70, 140, 168050, 18.338608
70, 170, 168050, 18.136911
70, 166, 168050, 17.684015
71, 166, 168050, 19.075026
71, 127, 168050, 19.065989
71, 140, 168050, 18.741632
72, 165, 168050, 17.357653
72, 170, 168050, 17.140036
72, 166, 168050, 16.102381
73, 167, 168050, 17.596615
73, 165, 168050, 17.395596
73, 166, 168050, 16.305796
74, 401, 168046, 16.184313
74, 402, 168046, 16.166410
74, 140, 168050, 15.845850
75, 287, 168052, 19.227743
75, 170, 168050, 19.057625
75, 161, 168050, 18.924255
76, 161, 168050, 15.942262
76, 165, 168050, 15.684502
76, 166, 168050, 14.504848
77, 285, 168052, 17.744747
77, 166, 168050, 17.627312
77, 287, 168052, 16.552967
78, 380, 168046, 16.152664
78, 366, 168046, 15.994118
78, 287, 168052, 15.497466
79, 170, 168050, 13.485162
79, 165, 168050, 13.304285
79, 166, 168050, 12.175018
80, 392, 168046, 17.643324
80, 387, 168046, 17.140413
80, 395, 168046, 17.000786
81, 399, 168046, 15.447501
81, 395, 168046, 15.067333
81, 400, 168046, 14.458571
82, 397, 168046, 15.849184
82, 285, 168052, 15.548497
82, 287, 168052, 14.295933
83, 397, 168046, 14.301290
83, 401, 168046, 13.884748
83, 402, 168046, 13.636001
84, 401, 168046, 14.123118
84, 400, 168046, 13.801858
84, 399, 168046, 13.615065
85, 401, 168046, 14.087501
85, 402, 168046, 13.980663
85, 399, 168046, 13.796929
86, 401, 168046, 13.662917
86, 400, 168046, 13.447387
86, 402, 168046, 12.838078
87, 401, 168046, 10.671541
87, 402, 168046, 10.453213
87, 399, 168046, 10.095451
88, 387, 168046, 8.559189
88, 395, 168046, 8.545111
88, 393, 168046, 8.327703
89, 400, 168046, 6.376104
89, 393, 168046, 6.319963
89, 395, 168046, 5.839615
90, 393, 168046, 5.128855
90, 387, 168046, 5.003976
90, 395, 168046, 4.641709
91, 387, 168046, 9.134611
91, 379, 168046, 8.358283
91, 380, 168046, 8.167053
92, 402, 168046, 5.601547
92, 400, 168046, 5.190383
92, 401, 168046, 4.989511
93, 401, 168046, 7.664376
93, 400, 168046, 7.554654
93, 366, 168046, 7.133306
94, 365, 168046, 7.813793
94, 367, 168046, 7.393070
94, 366, 168046, 7.373137
95, 365, 168046, 6.813783
95, 367, 168046, 6.641080
95, 366, 168046, 6.248456
96, 398, 168046, 7.225431
96, 401, 168046, 6.852156
96, 400, 168046, 6.468220
97, 400, 168046, 7.039649
97, 401, 168046, 7.025513
97, 402, 168046, 7.001516
98, 398, 168046, 12.506477
98, 401, 168046, 12.428312
98, 400, 168046, 11.638494
99, 400, 168046, 10.966276
99, 401, 168046, 10.808648
99, 399, 168046, 10.535416
100, 401, 168046, 10.033655
100, 402, 168046, 9.719758
100, 399, 168046, 9.157694
101, 401, 168046, 10.619431
101, 399, 168046, 10.563993
101, 402, 168046, 9.804729
102, 398, 168046, 11.651664
102, 401, 168046, 11.325272
102, 399, 168046, 10.932831
103, 401, 168046, 12.366423
103, 402, 168046, 12.241231
103, 400, 168046, 11.675154
104, 398, 168046, 14.869066
104, 399, 168046, 14.300982
104, 400, 168046, 14.226938
105, 397, 168046, 12.877623
105, 400, 168046, 12.402004
105, 399, 168046, 12.372791
106, 399, 168046, 13.641876
106, 401, 168046, 13.508366
106, 402, 168046, 13.390765
107, 401, 168046, 13.962044
107, 400, 168046, 13.714405
107, 402, 168046, 12.996481
108, 400, 168046, 13.205934
108, 403, 168044, 10.540063
108, 405, 168044, 10.362692
109, 407, 168048, 15.446642
109, 405, 168044, 14.527891
109, 403, 168044, 14.279473
110, 400, 168046, 14.097219
110, 399, 168046, 13.482672
110, 407, 168048, 6.151468
111, 401, 168046, 14.505185
111, 399, 168046, 14.381899
111, 407, 168048, 9.014695
112, 401, 168046, 15.701478
112, 402, 168046, 15.380338
112, 407, 168048, 6.122992
113, 384, 168046, 17.624613
113, 397, 168046, 17.311275
113, 407, 168048, 8.741931
114, 401, 168046, 20.827745
114, 399, 168046, 20.600843
114, 407, 168048, 7.337894
115, 399, 168046, 21.658297
115, 321, 168052, 21.337875
115, 407, 168048, 8.022865
116, 393, 168052, 21.109932
116, 375, 168052, 21.007059
116, 407, 168048, 9.573753
117, 285, 168052, 19.086390
117, 300, 168052, 18.661127
117, 287, 168052, 17.972525
118, 4, 168049, 17.741610
118, 29, 168049, 17.654144
118, 18, 168049, 17.386023
119, 4, 168049, 14.745126
119, 403, 168044, 12.664464
119, 405, 168044, 12.466295
120, 4, 168049, 12.521438
120, 405, 168044, 8.719740
120, 403, 168044, 8.583555
121, 407, 168048, 11.410885
121, 405, 168044, 6.427072
121, 403, 168044, 5.703448
122, 3, 168049, 11.738475
122, 403, 168044, 6.971318
122, 405, 168044, 6.334124
123, 3, 168049, 10.789783
123, 403, 168044, 7.886996
123, 405, 168044, 7.579548
124, 3, 168049, 10.475230
124, 2, 168049, 10.470574
124, 4, 168049, 9.511778
125, 4, 168049, 12.212018
125, 405, 168044, 9.402890
125, 403, 168044, 9.020294
126, 111, 168043, 11.047195
126, 403, 168044, 8.085162
126, 405, 168044, 7.491654
127, 111, 168043, 10.985133
127, 403, 168044, 6.353611
127, 405, 168044, 5.793945
128, 95, 168043, 9.581682
128, 66, 168043, 9.536760
128, 73, 168043, 9.355028
129, 78, 168043, 8.105439
129, 79, 168043, 7.686349
129, 66, 168043, 7.171543
130, 75, 168043, 8.769527
130, 71, 168043, 8.464287
130, 73, 168043, 8.246123
131, 73, 168043, 9.558238
131, 93, 168043, 9.399901
131, 74, 168043, 9.055273
132, 93, 168043, 9.536275
132, 74, 168043, 9.480214
132, 75, 168043, 9.096208
133, 8, 168049, 9.001708
133, 11, 168049, 8.995243
133, 7, 168049, 8.426832
134, 11, 168049, 8.423542
134, 7, 168049, 8.390652
134, 3, 168049, 7.676849
135, 2, 168049, 7.381440
135, 3, 168049, 7.215476
135, 4, 168049, 7.008914
136, 11, 168049, 6.636569
136, 10, 168049, 6.618836
136, 4, 168049, 6.609092
137, 11, 168049, 6.631114
137, 10, 168049, 6.392292
137, 4, 168049, 6.316070
138, 5, 168049, 6.285745
138, 8, 168049, 5.184249
138, 7, 168049, 5.057369
139, 10, 168049, 6.447869
139, 2, 168049, 6.005152
139, 4, 168049, 4.874082
140, 3, 168049, 6.072759
140, 7, 168049, 5.697601
140, 11, 168049, 5.443394
141, 2, 168049, 9.244887
141, 11, 168049, 9.228256
141, 4, 168049, 8.710181
142, 6, 168049, 6.375661
142, 8, 168049, 6.009634
142, 7, 168049, 5.652910
143, 11, 168049, 7.012706
143, 7, 168049, 6.569984
143, 8, 168049, 6.073782
144, 6, 168049, 7.689196
144, 7, 168049, 7.031241
144, 8, 168049, 6.420732
145, 5, 168049, 10.976564
145, 7, 168049, 9.613942
145, 8, 168049, 9.553479
146, 6, 168049, 9.183200
146, 8, 168049, 8.323271
146, 7, 168049, 7.906430
147, 7, 168043, 18.124243
147, 6, 168043, 17.918150
147, 407, 168048, 16.385107
148, 11, 168049, 11.337281
148, 8, 168049, 10.915831
148, 7, 168049, 10.644022
149, 4, 168043, 19.582226
149, 10, 168043, 19.154726
149, 6, 168043, 19.026453
150, 2, 168043, 23.448467
150, 10, 168043, 23.161766
150, 4, 168043, 22.162451
151, 6, 168043, 25.639023
151, 4, 168043, 25.480042
151, 10, 168043, 25.400709
152, 8, 168043, 25.529783
152, 7, 168043, 25.475140
152, 6, 168043, 25.310440
153, 10, 168043, 25.129452
153, 2, 168043, 24.742273
153, 4, 168043, 23.665895
154, 3, 168043, 26.890116
154, 2, 168043, 26.451492
154, 4, 168043, 25.228128
155, 389, 168052, 26.772478
155, 388, 168052, 26.634983
155, 393, 168052, 26.189455
156, 10, 168049, 14.026656
156, 8, 168049, 14.011069
156, 4, 168049, 13.686885
157, 10, 168049, 13.403844
157, 2, 168049, 13.092574
157, 4, 168049, 12.555512
158, 10, 168049, 18.842384
158, 8, 168049, 18.739388
158, 4, 168049, 18.682871
159, 2, 168049, 18.332567
159, 10, 168049, 18.154003
159, 4, 168049, 17.170708
160, 391, 168052, 20.509529
160, 393, 168052, 20.378433
160, 4, 168049, 20.294123
161, 397, 168052, 17.976671
161, 393, 168052, 17.940346
161, 391, 168052, 17.818047
162, 392, 168052, 17.512068
162, 397, 168052, 17.371908
162, 393, 168052, 16.892952
163, 393, 168052, 16.963568
163, 396, 168052, 16.896633
163, 397, 168052, 16.427782
164, 399, 168052, 17.635761
164, 397, 168052, 17.158188
164, 396, 168052, 17.083691
165, 397, 168052, 18.259512
165, 391, 168052, 18.065149
165, 392, 168052, 17.776091
166, 388, 168052, 21.928394
166, 287, 168052, 20.917051
166, 4, 168043, 20.900154
167, 3, 168043, 19.051071
167, 2, 168043, 18.889124
167, 4, 168043, 17.979525
168, 3, 168043, 18.123207
168, 2, 168043, 17.763062
168, 4, 168043, 16.568272
169, 2, 168043, 22.570324
169, 4, 168049, 22.248554
169, 4, 168043, 21.583998
170, 110, 168043, 22.652884
170, 113, 168043, 22.562210
170, 115, 168043, 22.164509
171, 95, 168043, 21.614506
171, 111, 168043, 21.405603
171, 110, 168043, 21.303335
172, 138, 168043, 20.464258
172, 125, 168043, 20.087851
172, 127, 168043, 18.896667
173, 110, 168043, 18.693661
173, 114, 168043, 18.677786
173, 111, 168043, 18.176096
174, 114, 168043, 18.388754
174, 110, 168043, 17.772018
174, 111, 168043, 17.367075
175, 113, 168043, 19.496323
175, 114, 168043, 18.933098
175, 115, 168043, 18.200296
176, 113, 168043, 20.227505
176, 110, 168043, 20.138405
176, 389, 168052, 19.784742
177, 389, 168052, 20.491114
177, 392, 168052, 19.784578
177, 393, 168052, 19.359423
178, 388, 168052, 20.776642
178, 392, 168052, 20.247608
178, 393, 168052, 19.599586
179, 391, 168052, 18.829548
179, 392, 168052, 18.533854
179, 393, 168052, 17.624615
180, 113, 168043, 20.128159
180, 110, 168043, 20.101639
180, 114, 168043, 19.829163
181, 133, 168043, 21.589558
181, 115, 168043, 21.490381
181, 114, 168043, 20.969292
182, 389, 168052, 20.002344
182, 392, 168052, 19.028742
182, 393, 168052, 18.355995
183, 388, 168052, 21.034985
183, 392, 168052, 19.966127
183, 393, 168052, 19.338295
184, 113, 168043, 21.571047
184, 115, 168043, 21.303202
184, 127, 168043, 21.105738
185, 127, 168043, 21.565363
185, 113, 168043, 21.360535
185, 393, 168052, 20.884975
186, 111, 168043, 18.189177
186, 110, 168043, 18.038086
186, 114, 168043, 18.012154
187, 151, 168043, 17.216778
187, 138, 168043, 17.215166
187, 126, 168043, 17.148151
188, 114, 168043, 18.973162
188, 138, 168043, 18.705723
188, 126, 168043, 17.886816
189, 133, 168043, 15.847447
189, 151, 168043, 15.725429
189, 138, 168043, 15.576471
190, 151, 168043, 16.446730
190, 135, 168043, 16.405865
190, 133, 168043, 16.200632
191, 133, 168043, 14.336995
191, 114, 168043, 14.282637
191, 115, 168043, 13.407604
192, 115, 168043, 14.543070
192, 114, 168043, 14.297505
192, 126, 168043, 13.757996
193, 111, 168043, 14.415946
193, 114, 168043, 14.259606
193, 115, 168043, 13.508208
194, 115, 168043, 14.602836
194, 127, 168043, 14.483751
194, 114, 168043, 14.473114
195, 127, 168043, 15.759957
195, 110, 168043, 15.730515
195, 111, 168043, 15.351770
196, 127, 168043, 15.782872
196, 115, 168043, 15.718554
196, 111, 168043, 15.635181
197, 114, 168043, 14.989433
197, 110, 168043, 14.065310
197, 111, 168043, 13.842623
198, 114, 168043, 16.321201
198, 127, 168043, 15.868243
198, 115, 168043, 15.847054
199, 4, 168049, 17.120363
199, 405, 168051, 16.729507
199, 403, 168051, 16.653988
200, 127, 168043, 16.669323
200, 407, 168051, 16.624592
200, 115, 168043, 16.067373
201, 110, 168043, 16.643808
201, 127, 168043, 16.629702
201, 95, 168043, 16.541012
202, 110, 168043, 12.294293
202, 114, 168043, 12.255838
202, 111, 168043, 11.871625
203, 115, 168043, 13.063900
203, 114, 168043, 12.983491
203, 407, 168051, 12.105844
204, 110, 168043, 13.905003
204, 111, 168043, 13.528777
204, 407, 168051, 8.282922
205, 111, 168043, 13.370463
205, 110, 168043, 13.272812
205, 407, 168051, 4.630513
206, 110, 168043, 13.190167
206, 111, 168043, 12.602880
206, 407, 168051, 8.059751
207, 114, 168043, 17.603506
207, 110, 168043, 16.570345
207, 111, 168043, 16.213318
208, 238, 168051, 17.089071
208, 111, 168043, 17.084560
208, 207, 168051, 16.387886
209, 206, 168051, 17.641703
209, 205, 168051, 17.580349
209, 207, 168051, 16.571766
210, 115, 168043, 14.296774
210, 205, 168051, 13.956342
210, 207, 168051, 12.778562
211, 111, 168043, 13.819628
211, 278, 168051, 13.622326
211, 127, 168043, 13.145404
212, 205, 168051, 11.636651
212, 206, 168051, 11.570635
212, 207, 168051, 10.931682
213, 237, 168051, 9.202284
213, 238, 168051, 8.934729
213, 239, 168051, 8.603629
214, 239, 168051, 5.404497
214, 241, 168051, 5.233840
214, 240, 168051, 4.999234
215, 241, 168051, 7.085778
215, 239, 168051, 7.022975
215, 238, 168051, 6.526086
216, 264, 168051, 9.283040
216, 266, 168051, 9.163923
216, 273, 168051, 8.399256
217, 238, 168051, 9.900306
217, 239, 168051, 9.709950
217, 273, 168051, 9.421876
218, 237, 168051, 9.809597
218, 239, 168051, 9.436595
218, 238, 168051, 9.043582
219, 238, 168051, 10.950686
219, 293, 168051, 10.509148
219, 295, 168051, 10.487117
220, 279, 168051, 10.917543
220, 266, 168051, 10.835970
220, 241, 168051, 10.395239
221, 238, 168051, 8.184014
221, 240, 168051, 7.747633
221, 241, 168051, 7.572883
222, 219, 168051, 9.072734
222, 240, 168051, 8.579528
222, 241, 168051, 8.548918
223, 238, 168051, 8.467308
223, 240, 168051, 8.397709
223, 241, 168051, 8.033551
224, 241, 168051, 8.455297
224, 240, 168051, 8.285224
224, 238, 168051, 8.205999
225, 241, 168051, 10.179749
225, 238, 168051, 10.007275
225, 207, 168051, 9.507264
226, 210, 168051, 9.311258
226, 241, 168051, 9.189420
226, 207, 168051, 8.638441
227, 238, 168051, 9.095142
227, 210, 168051, 8.880116
227, 207, 168051, 7.892906
228, 237, 168051, 8.653316
228, 239, 168051, 8.189607
228, 238, 168051, 8.090652
229, 275, 168051, 8.481816
229, 270, 168051, 8.247263
229, 271, 168051, 7.777612
230, 255, 168051, 7.892913
230, 238, 168051, 7.855469
230, 239, 168051, 7.847666
231, 270, 168051, 8.645574
231, 273, 168051, 8.348649
231, 255, 168051, 8.339878
232, 255, 168051, 11.833475
232, 286, 168051, 11.276229
232, 273, 168051, 11.244216
233, 275, 168051, 12.231067
233, 273, 168051, 11.872283
233, 286, 168051, 11.573595
234, 270, 168051, 11.703165
234, 273, 168051, 11.519550
234, 274, 168051, 11.337242
235, 270, 168051, 13.479589
235, 239, 168051, 13.252760
235, 238, 168051, 13.070814
236, 273, 168051, 11.773461
236, 255, 168051, 11.599702
236, 271, 168051, 10.938550
237, 273, 168051, 13.689642
237, 238, 168051, 13.680580
237, 271, 168051, 13.131386
238, 238, 168051, 11.728701
238, 200, 168051, 11.397652
238, 201, 168051, 11.297946
239, 237, 168051, 11.149036
239, 239, 168051, 11.113173
239, 238, 168051, 10.345901
240, 240, 168051, 9.007228
240, 238, 168051, 8.492195
240, 207, 168051, 8.275671
241, 210, 168051, 10.111873
241, 238, 168051, 9.790857
241, 207, 168051, 9.252406
242, 210, 168051, 10.738714
242, 205, 168051, 10.675931
242, 207, 168051, 9.476425
243, 205, 168051, 11.286880
243, 206, 168051, 11.062474
243, 207, 168051, 10.492687
244, 206, 168051, 12.431746
244, 220, 168051, 12.339243
244, 207, 168051, 11.913675
245, 205, 168051, 11.986283
245, 220, 168051, 11.347737
245, 207, 168051, 11.327699
246, 205, 168051, 9.997279
246, 220, 168051, 9.640877
246, 207, 168051, 8.916334
247, 210, 168051, 10.410020
247, 201, 168051, 10.402117
247, 238, 168051, 10.219223
248, 210, 168051, 10.217180
248, 207, 168051, 10.128192
248, 201, 168051, 10.024184
249, 179, 168051, 10.498184
249, 201, 168051, 10.280357
249, 180, 168051, 10.272854
250, 167, 168051, 11.553847
250, 180, 168051, 11.301983
250, 166, 168051, 11.121881
251, 165, 168051, 9.891295
251, 167, 168051, 9.688295
251, 166, 168051, 9.406519
252, 179, 168051, 11.388258
252, 180, 168051, 10.958464
252, 166, 168051, 10.718526
253, 200, 168051, 12.247600
253, 166, 168051, 12.173678
253, 201, 168051, 11.663485
254, 165, 168051, 8.403694
254, 166, 168051, 8.231483
254, 167, 168051, 7.845891
255, 165, 168051, 9.810740
255, 166, 168051, 9.441461
255, 167, 168051, 9.433486
256, 197, 168051, 8.935231
256, 199, 168051, 8.559328
256, 198, 168051, 8.199354
257, 201, 168051, 9.497620
257, 165, 168051, 9.476602
257, 166, 168051, 8.560317
258, 165, 168051, 9.072490
258, 167, 168051, 9.025215
258, 166, 168051, 8.210717
259, 198, 168051, 9.850737
259, 170, 168051, 9.792372
259, 166, 168051, 8.895920
260, 198, 168051, 7.575050
260, 161, 168051, 7.560804
260, 170, 168051, 7.000361
261, 160, 168051, 7.139206
261, 198, 168051, 6.612148
261, 170, 168051, 6.465538
262, 200, 168051, 7.071973
262, 201, 168051, 6.949374
262, 198, 168051, 6.879995
263, 215, 168051, 6.310285
263, 198, 168051, 5.873234
263, 199, 168051, 5.755894
264, 199, 168051, 7.282281
264, 201, 168051, 7.095385
264, 198, 168051, 6.966844
265, 200, 168051, 8.344394
265, 198, 168051, 7.950627
265, 201, 168051, 7.794785
266, 197, 168051, 5.490421
266, 198, 168051, 5.076571
266, 200, 168051, 5.039059
267, 170, 168051, 7.810345
267, 180, 168051, 7.702093
267, 166, 168051, 7.068018
268, 165, 168051, 7.102261
268, 180, 168051, 6.777475
268, 167, 168051, 6.225494
269, 167, 168051, 9.461803
269, 179, 168051, 9.399492
269, 180, 168051, 8.687304
270, 99, 168049, 12.440179
270, 98, 168049, 12.344010
270, 100, 168049, 11.783260
271, 115, 168049, 10.912104
271, 109, 168049, 10.661489
271, 110, 168049, 10.525481
272, 165, 168051, 8.539958
272, 180, 168051, 8.440749
272, 166, 168051, 7.625108
273, 165, 168051, 7.659951
273, 166, 168051, 7.279721
273, 167, 168051, 7.125534
274, 165, 168051, 10.038894
274, 166, 168051, 9.782451
274, 167, 168051, 9.345716
275, 167, 168051, 9.970454
275, 165, 168051, 9.694213
275, 166, 168051, 8.694582
276, 165, 168051, 11.296479
276, 167, 168051, 11.087459
276, 166, 168051, 10.606347
277, 165, 168051, 10.593922
277, 167, 168051, 10.443149
277, 166, 168051, 9.909304
278, 167, 168051, 13.237306
278, 165, 168051, 13.038036
278, 166, 168051, 12.011507
279, 95, 168049, 14.479824
279, 110, 168049, 13.722371
279, 111, 168049, 13.214309
280, 165, 168051, 13.209491
280, 166, 168051, 12.982492
280, 167, 168051, 12.480977
281, 166, 168051, 12.705273
281, 165, 168051, 12.468283
281, 167, 168051, 11.401739
282, 166, 168051, 12.105797
282, 180, 168051, 12.074620
282, 167, 168051, 12.062421
283, 94, 168049, 11.960275
283, 41, 168049, 11.959539
283, 95, 168049, 11.404963
284, 39, 168049, 10.266775
284, 40, 168049, 10.113383
284, 38, 168049, 9.703707
285, 39, 168049, 9.079911
285, 41, 168049, 8.945620
285, 38, 168049, 8.831545
286, 3, 168049, 9.435667
286, 40, 168049, 9.316349
286, 38, 168049, 9.196151
287, 79, 168049, 11.735608
287, 66, 168049, 11.715323
287, 38, 168049, 11.706120
288, 3, 168049, 12.414259
288, 41, 168049, 12.143569
288, 38, 168049, 12.136676
289, 40, 168049, 12.661219
289, 38, 168049, 12.066043
289, 41, 168049, 11.783566
290, 95, 168049, 11.358977
290, 38, 168049, 11.348641
290, 41, 168049, 10.724603
291, 41, 168049, 14.233803
291, 40, 168049, 13.970785
291, 3, 168049, 13.831213
292, 95, 168049, 18.519751
292, 167, 168051, 18.243711
292, 38, 168049, 18.220079
293, 166, 168051, 14.918359
293, 165, 168051, 14.884475
293, 167, 168051, 14.036129
294, 39, 168049, 15.437324
294, 95, 168049, 15.393882
294, 38, 168049, 14.616321
295, 3, 168049, 12.350359
295, 38, 168049, 12.191491
295, 10, 168049, 11.991189
296, 38, 168049, 16.607136
296, 166, 168051, 16.520710
296, 167, 168051, 16.150469
297, 179, 168051, 16.736383
297, 206, 168051, 16.660345
297, 180, 168051, 16.025520
298, 255, 168043, 18.965151
298, 235, 168043, 18.862913
298, 4, 168049, 18.028923
299, 230, 168043, 17.399305
299, 231, 168043, 17.204859
299, 4, 168049, 16.441713
300, 2, 168049, 15.654392
300, 10, 168049, 15.152248
300, 4, 168049, 14.468265
301, 2, 168049, 14.606093
301, 10, 168049, 13.985033
301, 4, 168049, 13.639816
302, 20, 168049, 15.419879
302, 2, 168049, 15.172864
302, 4, 168049, 14.097099
303, 8, 168049, 13.802245
303, 6, 168049, 13.614265
303, 10, 168049, 13.519326
304, 4, 168049, 9.802287
304, 6, 168049, 9.433072
304, 10, 168049, 9.217016
305, 8, 168049, 8.001496
305, 6, 168049, 7.360682
305, 10, 168049, 7.073801
306, 38, 168049, 10.230245
306, 10, 168049, 9.521186
306, 6, 168049, 9.452292
307, 6, 168049, 8.457990
307, 10, 168049, 8.034075
307, 38, 168049, 7.770276
308, 8, 168049, 7.271731
308, 38, 168049, 7.256216
308, 6, 168049, 7.000211
309, 41, 168049, 6.974944
309, 37, 168049, 6.801795
309, 38, 168049, 5.795690
310, 2, 168049, 7.288695
310, 10, 168049, 7.053466
310, 4, 168049, 6.341773
311, 3, 168049, 7.341365
311, 2, 168049, 7.018579
311, 4, 168049, 5.945125
312, 4, 168049, 5.683936
312, 2, 168049, 5.222529
312, 3, 168049, 4.160150
313, 2, 168049, 4.811280
313, 18, 168049, 4.788590
313, 3, 168049, 3.886878
314, 3, 168049, 4.602552
314, 19, 168049, 4.422526
314, 20, 168049, 3.446227
315, 18, 168049, 4.948342
315, 20, 168049, 4.840239
315, 3, 168049, 3.869242
316, 29, 168049, 5.629012
316, 20, 168049, 5.209422
316, 18, 168049, 5.164040
317, 253, 168043, 8.202034
317, 255, 168043, 8.143757
317, 233, 168043, 7.712730
318, 255, 168043, 5.969216
318, 226, 168043, 5.942653
318, 233, 168043, 5.808689
319, 3, 168049, 6.747917
319, 19, 168049, 6.119370
319, 20, 168049, 5.608340
320, 20, 168049, 4.874582
320, 3, 168049, 4.754934
320, 19, 168049, 4.369898
321, 3, 168049, 5.134143
321, 19, 168049, 4.808826
321, 20, 168049, 4.754498
322, 41, 168049, 4.362919
322, 20, 168049, 3.696592
322, 19, 168049, 3.599213
323, 20, 168049, 5.099241
323, 41, 168049, 4.064560
323, 40, 168049, 3.939583
324, 2, 168049, 5.422509
324, 19, 168049, 5.231153
324, 4, 168049, 4.657119
325, 38, 168049, 4.149002
325, 40, 168049, 4.091487
325, 41, 168049, 3.441136
326, 26, 168049, 5.633399
326, 39, 168049, 5.172976
326, 38, 168049, 4.988577
327, 19, 168049, 5.864497
327, 38, 168049, 5.397542
327, 10, 168049, 5.228678
328, 2, 168049, 5.663543
328, 10, 168049, 5.515326
328, 3, 168049, 4.460231
329, 3, 168049, 5.235721
329, 19, 168049, 5.067052
329, 10, 168049, 4.845285
330, 41, 168049, 4.181697
330, 19, 168049, 4.046560
330, 3, 168049, 3.968369
331, 40, 168049, 4.673034
331, 19, 168049, 4.574890
331, 3, 168049, 4.221535
332, 20, 168049, 4.019168
332, 19, 168049, 3.698726
332, 41, 168049, 3.378949
333, 16, 168049, 4.212477
333, 41, 168049, 3.661356
333, 10, 168049, 3.427722
334, 16, 168049, 4.862169
334, 41, 168049, 4.363150
334, 10, 168049, 4.105453
335, 6, 168049, 4.922543
335, 3, 168049, 4.764503
335, 10, 168049, 3.986198
336, 10, 168049, 5.116371
336, 6, 168049, 5.056505
336, 41, 168049, 4.966831
337, 41, 168049, 6.798324
337, 3, 168049, 6.477920
337, 40, 168049, 6.210069
338, 253, 168045, 7.428850
338, 234, 168045, 6.991485
338, 233, 168045, 6.830107
339, 2, 168049, 7.004819
339, 235, 168045, 6.910257
339, 3, 168049, 5.962299
340, 258, 168045, 5.579485
340, 201, 168043, 5.435539
340, 246, 168045, 5.320367
341, 200, 168043, 5.109846
341, 160, 168043, 4.979596
341, 3, 168049, 4.926855
342, 10, 168049, 4.463830
342, 201, 168043, 4.249507
342, 200, 168043, 4.208287
343, 6, 168049, 4.768661
343, 161, 168043, 4.646344
343, 10, 168049, 3.714149
344, 6, 168049, 5.156137
344, 3, 168049, 4.862790
344, 10, 168049, 4.709798
345, 170, 168043, 6.485096
345, 200, 168043, 6.140928
345, 201, 168043, 5.722712
346, 168, 168043, 4.984472
346, 161, 168043, 4.584109
346, 160, 168043, 4.150298
347, 161, 168043, 4.645787
347, 158, 168043, 4.563475
347, 160, 168043, 4.237892
348, 139, 168043, 4.669176
348, 160, 168043, 4.386653
348, 161, 168043, 4.169979
349, 160, 168043, 4.577475
349, 158, 168043, 4.336636
349, 161, 168043, 4.151752
350, 139, 168043, 4.945750
350, 140, 168043, 4.581625
350, 3, 168049, 4.578270
351, 140, 168043, 4.560567
351, 126, 168043, 4.313412
351, 3, 168049, 4.279622
352, 2, 168049, 5.926347
352, 126, 168043, 4.829770
352, 3, 168049, 4.740561
353, 125, 168043, 6.133877
353, 3, 168049, 5.668982
353, 126, 168043, 5.290252
354, 125, 168043, 6.543903
354, 3, 168049, 6.264741
354, 126, 168043, 5.298423
355, 127, 168043, 7.449762
355, 125, 168043, 7.261981
355, 126, 168043, 6.412218
356, 139, 168043, 5.470240
356, 140, 168043, 5.147252
356, 126, 168043, 4.929389
357, 140, 168043, 5.041068
357, 126, 168043, 4.683022
357, 3, 168049, 4.541663
358, 19, 168049, 5.167880
358, 10, 168049, 4.946757
358, 3, 168049, 4.501394
359, 2, 168049, 4.788688
359, 10, 168049, 4.679354
359, 3, 168049, 4.155785
360, 20, 168049, 5.226632
360, 10, 168049, 4.679676
360, 3, 168049, 4.483895
361, 117, 168043, 5.985612
361, 120, 168043, 4.701034
361, 121, 168043, 4.679549
362, 128, 168043, 2.940808
362, 121, 168043, 2.715921
362, 120, 168043, 2.225436
363, 116, 168043, 4.061502
363, 120, 168043, 3.901874
363, 121, 168043, 3.893126
364, 39, 168049, 5.177630
364, 41, 168049, 4.817197
364, 40, 168049, 4.784066
365, 128, 168043, 4.490825
365, 109, 168043, 4.017665
365, 116, 168043, 3.450354
366, 98, 168043, 3.074637
366, 100, 168043, 2.951865
366, 99, 168043, 2.671656
367, 20, 168049, 5.507939
367, 109, 168043, 5.272810
367, 39, 168049, 5.129580
368, 37, 168049, 4.674381
368, 40, 168049, 4.273472
368, 39, 168049, 4.007198
369, 37, 168049, 3.530167
369, 41, 168049, 2.845088
369, 40, 168049, 2.374777
370, 39, 168049, 3.711605
370, 40, 168049, 3.540813
370, 41, 168049, 2.915045
371, 40, 168049, 5.299874
371, 39, 168049, 4.762774
371, 41, 168049, 4.735553
372, 40, 168049, 4.406149
372, 39, 168049, 4.228596
372, 41, 168049, 3.518613
373, 19, 168049, 4.047556
373, 20, 168049, 3.637056
373, 39, 168049, 3.390263
374, 18, 168049, 4.475673
374, 19, 168049, 4.030706
374, 20, 168049, 3.155792
375, 4, 168049, 4.654028
375, 40, 168049, 4.571395
375, 39, 168049, 4.158958
376, 4, 168049, 4.691080
376, 19, 168049, 4.350696
376, 20, 168049, 4.326530
377, 37, 168049, 4.622795
377, 40, 168049, 4.398449
377, 39, 168049, 3.863334
378, 20, 168049, 4.707199
378, 4, 168049, 4.617070
378, 19, 168049, 4.415305
379, 19, 168049, 5.397827
379, 4, 168049, 4.932162
379, 20, 168049, 4.829761
380, 36, 168049, 4.381574
380, 19, 168049, 3.933658
380, 20, 168049, 3.365957
381, 20, 168049, 3.856686
381, 37, 168049, 3.760812
381, 39, 168049, 2.746657
382, 37, 168049, 4.580484
382, 41, 168049, 3.991858
382, 40, 168049, 3.826765
383, 38, 168049, 4.440605
383, 39, 168049, 4.389075
383, 40, 168049, 3.753652
384, 41, 168049, 5.027223
384, 40, 168049, 4.849691
384, 39, 168049, 4.816433
385, 20, 168049, 9.985922
385, 19, 168049, 9.919924
385, 4, 168049, 9.469189
386, 19, 168049, 8.553720
386, 20, 168049, 8.487460
386, 4, 168049, 8.320768
387, 2, 168049, 13.172747
387, 3, 168049, 13.012731
387, 4, 168049, 12.482253
388, 2, 168049, 12.078863
388, 3, 168049, 12.015457
388, 4, 168049, 11.197542
389, 2, 168049, 13.291798
389, 4, 168049, 12.926036
389, 3, 168049, 12.753550
390, 126, 168043, 12.990801
390, 125, 168043, 12.978712
390, 127, 168043, 12.076631
391, 126, 168043, 13.318378
391, 125, 168043, 13.175021
391, 127, 168043, 12.161314
392, 140, 168043, 11.557553
392, 125, 168043, 11.254917
392, 127, 168043, 10.061411
393, 125, 168043, 10.440768
393, 139, 168043, 10.123526
393, 127, 168043, 9.434898
394, 158, 168043, 11.253330
394, 160, 168043, 10.328895
394, 161, 168043, 10.020401
395, 127, 168043, 11.789121
395, 160, 168043, 11.539648
395, 161, 168043, 11.337521
396, 140, 168043, 12.739853
396, 160, 168043, 12.734227
396, 127, 168043, 12.647949
397, 127, 168043, 10.342978
397, 160, 168043, 10.107272
397, 161, 168043, 9.716385
398, 158, 168043, 8.822416
398, 160, 168043, 8.784177
398, 161, 168043, 8.620252
399, 130, 168043, 7.588790
399, 158, 168043, 7.497192
399, 127, 168043, 7.251341
400, 158, 168043, 8.558681
400, 130, 168043, 8.443341
400, 161, 168043, 7.830163
401, 130, 168043, 9.987724
401, 125, 168043, 9.686148
401, 127, 168043, 8.481763
402, 121, 168043, 11.992826
402, 130, 168043, 11.827048
402, 127, 168043, 11.162990
403, 100, 168043, 12.853137
403, 125, 168043, 12.769495
403, 127, 168043, 11.690295
404, 126, 168043, 13.752854
404, 125, 168043, 13.521544
404, 127, 168043, 12.394088
405, 7, 168048, 14.098132
405, 127, 168043, 13.838959
405, 8, 168048, 13.478425
406, 7, 168048, 14.037336
406, 127, 168043, 13.542461
406, 8, 168048, 13.455901
407, 6, 168048, 16.500200
407, 7, 168048, 15.623649
407, 8, 168048, 15.181173
408, 14, 168048, 14.700968
408, 7, 168048, 13.557535
408, 8, 168048, 13.510712
409, 8, 168048, 15.676709
409, 7, 168048, 15.584524
409, 15, 168048, 15.209745
410, 8, 168048, 16.328093
410, 14, 168048, 15.647607
410, 15, 168048, 15.029424
411, 14, 168048, 15.798764
411, 8, 168048, 15.627034
411, 15, 168048, 15.529157
412, 14, 168048, 17.531492
412, 33, 168048, 17.492920
412, 15, 168048, 17.125189
413, 4, 168049, 15.474822
413, 2, 168049, 15.451671
413, 3, 168049, 14.884246
414, 13, 168049, 12.406230
414, 2, 168049, 12.235786
414, 3, 168049, 11.193499
415, 20, 168049, 8.261077
415, 3, 168049, 8.030231
415, 18, 168049, 7.860556
416, 2, 168049, 9.085134
416, 18, 168049, 8.685409
416, 3, 168049, 7.873743
417, 4, 168049, 8.554655
417, 2, 168049, 8.364037
417, 3, 168049, 7.389827
418, 4, 168049, 8.106153
418, 2, 168049, 7.914215
418, 3, 168049, 6.858288
419, 4, 168049, 8.215304
419, 2, 168049, 7.892332
419, 3, 168049, 6.853913
420, 2, 168049, 8.774370
420, 4, 168049, 8.681040
420, 3, 168049, 7.942563
421, 7, 168049, 5.985383
421, 11, 168049, 5.887350
421, 3, 168049, 5.843115
422, 5, 168049, 7.309530
422, 8, 168049, 5.991343
422, 7, 168049, 5.960549
423, 14, 168049, 5.601363
423, 7, 168049, 5.476516
423, 8, 168049, 5.304163
424, 8, 168049, 4.509863
424, 6, 168049, 4.173560
424, 7, 168049, 3.732949
425, 8, 168049, 2.897227
425, 14, 168049, 2.529004
425, 7, 168049, 2.392913
426, 15, 168049, 2.918581
426, 30, 168049, 2.865233
426, 14, 168049, 2.396559
427, 13, 168049, 2.794542
427, 30, 168049, 2.438155
427, 14, 168049, 2.352538
428, 31, 168049, 2.820991
428, 14, 168049, 2.528623
428, 30, 168049, 2.308811
429, 13, 168049, 2.933157
429, 14, 168049, 2.715839
429, 30, 168049, 2.381495
430, 8, 168049, 5.210824
430, 14, 168049, 4.522079
430, 15, 168049, 4.463385
431, 13, 168049, 5.217942
431, 14, 168049, 4.632774
431, 15, 168049, 3.796685
432, 13, 168049, 5.156927
432, 14, 168049, 4.766134
432, 15, 168049, 4.089800
433, 15, 168049, 5.206888
433, 31, 168049, 4.986179
433, 30, 168049, 4.979470
434, 35, 168049, 7.759141
434, 30, 168049, 6.736380
434, 31, 168049, 6.364062
435, 29, 168049, 6.623434
435, 30, 168049, 6.462751
435, 31, 168049, 5.578120
436, 35, 168049, 7.276776
436, 31, 168049, 7.182502
436, 30, 168049, 6.690382
437, 30, 168049, 5.319809
437, 34, 168049, 5.050231
437, 31, 168049, 4.832085
438, 36, 168049, 7.262421
438, 50, 168049, 6.831510
438, 47, 168049, 6.402820
439, 50, 168049, 8.634213
439, 392, 168045, 8.576843
439, 393, 168045, 8.111643
440, 18, 168049, 7.359886
440, 388, 168045, 7.279439
440, 3, 168049, 6.848069
441, 18, 168049, 6.758946
441, 19, 168049, 6.328604
441, 20, 168049, 5.478476
442, 3, 168049, 6.925611
442, 19, 168049, 6.397946
442, 20, 168049, 6.014397
443, 389, 168045, 7.317195
443, 39, 168049, 7.269928
443, 36, 168049, 7.218307
444, 39, 168049, 7.817137
444, 36, 168049, 7.781394
444, 29, 168049, 7.635821
445, 29, 168049, 6.603191
445, 388, 168045, 6.551805
445, 389, 168045, 6.400920
446, 388, 168045, 8.551586
446, 375, 168045, 8.221570
446, 373, 168045, 8.002375
447, 373, 168045, 6.884820
447, 355, 168045, 6.860433
447, 378, 168045, 6.605147
448, 366, 168045, 5.872459
448, 380, 168045, 5.596494
448, 378, 168045, 5.303483
449, 373, 168045, 6.318875
449, 378, 168045, 5.659427
449, 366, 168045, 5.653898
450, 355, 168045, 7.304634
450, 378, 168045, 7.292891
450, 366, 168045, 6.850030
451, 388, 168045, 9.244446
451, 366, 168045, 8.510033
451, 378, 168045, 8.237617
452, 373, 168045, 7.381493
452, 378, 168045, 7.276818
452, 355, 168045, 7.113949
453, 81, 168049, 7.228695
453, 366, 168045, 7.062895
453, 47, 168049, 6.407426
454, 46, 168049, 7.192458
454, 366, 168045, 6.655847
454, 47, 168049, 6.652873
455, 366, 168045, 8.591871
455, 47, 168049, 8.063246
455, 380, 168045, 7.814587
456, 46, 168049, 6.248457
456, 47, 168049, 6.008716
456, 380, 168045, 5.476980
457, 45, 168049, 4.436772
457, 47, 168049, 4.301713
457, 46, 168049, 3.812573
458, 45, 168049, 4.436368
458, 47, 168049, 4.301785
458, 46, 168049, 3.844337
459, 32, 168049, 4.099947
459, 35, 168049, 3.201548
459, 34, 168049, 2.818115
460, 33, 168049, 3.134786
460, 35, 168049, 2.941501
460, 34, 168049, 2.317515
461, 31, 168049, 2.892836
461, 34, 168049, 2.377006
461, 30, 168049, 2.260047
462, 30, 168049, 3.519217
462, 35, 168049, 2.927367
462, 34, 168049, 2.543759
463, 34, 168049, 4.055972
463, 47, 168049, 4.045575
463, 35, 168049, 3.390456
464, 46, 168049, 5.572526
464, 45, 168049, 5.423784
464, 47, 168049, 4.737526
465, 45, 168049, 5.110260
465, 47, 168049, 4.753813
465, 46, 168049, 4.605582
466, 45, 168049, 4.769404
466, 46, 168049, 4.612676
466, 47, 168049, 4.011484
467, 45, 168049, 4.770213
467, 47, 168049, 4.602085
467, 46, 168049, 4.132944
468, 59, 168049, 4.147922
468, 58, 168049, 3.890751
468, 60, 168049, 3.199607
469, 59, 168049, 7.389263
469, 46, 168049, 6.806098
469, 60, 168049, 6.445471
470, 59, 168049, 9.909368
470, 58, 168049, 9.595271
470, 60, 168049, 8.989919
471, 45, 168049, 10.257060
471, 58, 168049, 9.636932
471, 46, 168049, 9.000847
472, 45, 168049, 10.690922
472, 58, 168049, 10.594309
472, 46, 168049, 9.580679
473, 59, 168049, 11.165209
473, 47, 168049, 11.094628
473, 60, 168049, 10.441914
474, 58, 168049, 7.160967
474, 46, 168049, 7.082407
474, 60, 168049, 6.810123
475, 47, 168049, 7.168901
475, 45, 168049, 7.043216
475, 46, 168049, 6.330799
476, 46, 168049, 9.492000
476, 53, 168049, 9.223413
476, 58, 168049, 8.677515
477, 47, 168049, 5.530004
477, 53, 168049, 5.442348
477, 58, 168049, 4.626614
478, 45, 168049, 5.295195
478, 58, 168049, 4.420731
478, 47, 168049, 4.311753
479, 45, 168049, 4.770828
479, 58, 168049, 4.537652
479, 47, 168049, 4.287650
480, 58, 168049, 4.656970
480, 60, 168049, 4.427844
480, 59, 168049, 4.399836
481, 53, 168049, 4.818677
481, 47, 168049, 4.523870
481, 58, 168049, 3.874699
482, 58, 168049, 4.379966
482, 59, 168049, 4.353504
482, 47, 168049, 4.328310
483, 58, 168049, 7.162675
483, 45, 168049, 6.756057
483, 47, 168049, 5.734676
484, 53, 168049, 7.936783
484, 58, 168049, 7.357137
484, 47, 168049, 6.868179
485, 60, 168049, 7.588445
485, 58, 168049, 7.490094
485, 47, 168049, 6.873664
486, 45, 168049, 6.791790
486, 47, 168049, 6.148900
486, 60, 168049, 5.908819
487, 45, 168049, 6.980915
487, 46, 168049, 6.948338
487, 47, 168049, 6.068233
488, 45, 168049, 7.403864
488, 35, 168049, 7.268034
488, 47, 168049, 6.381281
489, 46, 168049, 8.969046
489, 35, 168049, 8.729979
489, 34, 168049, 8.728554
490, 31, 168049, 10.868677
490, 34, 168049, 10.593431
490, 35, 168049, 9.956053
491, 71, 168049, 11.495857
491, 34, 168049, 11.490963
491, 35, 168049, 11.209430
492, 379, 168045, 12.563578
492, 45, 168051, 12.413932
492, 47, 168051, 11.420168
493, 34, 168049, 10.579008
493, 46, 168049, 10.451135
493, 35, 168049, 10.182756
494, 31, 168049, 9.556463
494, 34, 168049, 9.218093
494, 46, 168049, 9.189089
495, 46, 168049, 11.898314
495, 378, 168045, 11.576269
495, 367, 168045, 11.195887
496, 47, 168049, 8.564368
496, 45, 168049, 8.255353
496, 46, 168049, 7.287098
497, 365, 168045, 8.382311
497, 378, 168045, 8.309565
497, 367, 168045, 7.260685
498, 354, 168045, 10.605028
498, 355, 168045, 10.535697
498, 373, 168045, 10.234493
499, 388, 168045, 11.442495
499, 389, 168045, 11.413997
499, 373, 168045, 11.295252
500, 35, 168049, 13.170630
500, 389, 168045, 13.141447
500, 46, 168049, 12.493629
501, 373, 168045, 12.433657
501, 387, 168045, 12.120090
501, 388, 168045, 12.001472
502, 387, 168045, 9.317035
502, 388, 168045, 8.574294
502, 389, 168045, 7.681246
503, 375, 168045, 9.596699
503, 388, 168045, 9.374451
503, 389, 168045, 8.829350
504, 375, 168045, 10.741648
504, 344, 168045, 10.715944
504, 353, 168045, 10.338433
505, 358, 168045, 14.978531
505, 360, 168045, 14.947609
505, 361, 168045, 14.068275
506, 330, 168045, 13.856543
506, 360, 168045, 12.577220
506, 361, 168045, 12.264390
507, 358, 168045, 11.796515
507, 361, 168045, 10.830865
507, 360, 168045, 10.600357
508, 328, 168045, 11.695643
508, 326, 168045, 11.020591
508, 330, 168045, 10.711702
509, 309, 168045, 9.174111
509, 330, 168045, 8.865870
509, 326, 168045, 8.185838
510, 286, 168045, 13.654149
510, 285, 168045, 13.516372
510, 287, 168045, 12.530329
511, 298, 168045, 14.549410
511, 299, 168045, 14.357871
511, 287, 168045, 14.345172
512, 285, 168045, 13.900828
512, 286, 168045, 13.431715
512, 287, 168045, 13.352382
513, 298, 168045, 13.595151
513, 285, 168045, 13.310448
513, 287, 168045, 12.233334
514, 287, 168045, 14.280783
514, 285, 168045, 14.252487
514, 286, 168045, 13.303367
515, 285, 168045, 14.708548
515, 287, 168045, 14.468766
515, 286, 168045, 13.982393
516, 285, 168045, 11.371492
516, 286, 168045, 11.060850
516, 287, 168045, 10.795105
517, 286, 168045, 9.153214
517, 285, 168045, 8.989080
517, 287, 168045, 7.968566
518, 285, 168045, 11.495602
518, 286, 168045, 11.289173
518, 287, 168045, 10.760683
519, 285, 168045, 14.486105
519, 300, 168045, 13.674441
519, 287, 168045, 13.419118
520, 285, 168045, 13.742521
520, 286, 168045, 13.401631
520, 287, 168045, 13.107086
521, 402, 168046, 13.827430
521, 401, 168046, 13.736722
521, 286, 168045, 13.186946
522, 401, 168046, 15.833466
522, 402, 168046, 15.083934
522, 366, 168046, 14.886683
523, 401, 168046, 17.400293
523, 380, 168046, 17.258123
523, 402, 168046, 17.136055
524, 400, 168046, 16.044485
524, 402, 168046, 15.780905
524, 401, 168046, 15.416542
525, 400, 168046, 13.897344
525, 401, 168046, 13.806827
525, 402, 168046, 12.912949
526, 397, 168046, 12.687695
526, 400, 168046, 12.651593
526, 401, 168046, 12.326319
527, 396, 168046, 11.416786
527, 401, 168046, 11.322681
527, 397, 168046, 10.475961
528, 400, 168046, 12.500546
528, 396, 168046, 12.245095
528, 397, 168046, 11.519009
529, 396, 168046, 14.439553
529, 35, 168049, 14.113481
529, 397, 168046, 13.834240
530, 396, 168046, 14.858377
530, 400, 168046, 14.492137
530, 397, 168046, 13.993802
531, 58, 168049, 14.843271
531, 35, 168049, 14.760536
531, 46, 168049, 14.346230
532, 396, 168046, 12.429148
532, 384, 168046, 12.227849
532, 400, 168046, 11.702899
533, 393, 168046, 8.356834
533, 397, 168046, 8.134464
533, 396, 168046, 7.765152
534, 402, 168046, 13.378181
534, 396, 168046, 13.270296
534, 397, 168046, 12.458215
535, 397, 168046, 13.129468
535, 401, 168046, 12.761225
535, 402, 168046, 11.944668
536, 396, 168046, 12.223831
536, 397, 168046, 11.441004
536, 402, 168046, 11.381142
537, 393, 168046, 13.471647
537, 395, 168046, 13.410087
537, 397, 168046, 12.761388
538, 400, 168046, 12.280738
538, 395, 168046, 12.126458
538, 397, 168046, 11.374470
539, 402, 168046, 15.024219
539, 401, 168046, 14.845934
539, 395, 168046, 14.550028
540, 396, 168046, 17.972689
540, 402, 168046, 17.788620
540, 397, 168046, 17.031628
541, 396, 168046, 11.485936
541, 397, 168046, 11.183357
541, 393, 168046, 11.141278
542, 392, 168046, 13.021460
542, 395, 168046, 12.516830
542, 397, 168046, 12.220207
543, 396, 168046, 17.073048
543, 393, 168046, 16.563038
543, 397, 168046, 16.273560
544, 393, 168046, 18.974581
544, 396, 168046, 18.862740
544, 397, 168046, 18.154848
545, 397, 168046, 17.398720
545, 392, 168046, 17.253521
545, 393, 168046, 17.142828
546, 393, 168046, 16.522894
546, 396, 168046, 15.934592
546, 397, 168046, 15.395451
547, 2, 168048, 17.415062
547, 4, 168048, 17.068367
547, 3, 168048, 16.826649
548, 10, 168048, 16.133654
548, 2, 168048, 15.900001
548, 4, 168048, 14.663312
549, 10, 168048, 16.416111
549, 2, 168048, 16.131708
549, 4, 168048, 14.870240
550, 10, 168048, 14.679354
550, 2, 168048, 14.281061
550, 4, 168048, 13.020582
551, 2, 168048, 12.762166
551, 10, 168048, 12.504955
551, 4, 168048, 11.734262
552, 2, 168048, 11.977843
552, 20, 168048, 11.884701
552, 4, 168048, 10.891526
553, 3, 168048, 9.668101
553, 20, 168048, 9.617731
553, 4, 168048, 9.615382
554, 4, 168048, 11.245981
554, 19, 168048, 10.188033
554, 20, 168048, 9.728534
555, 73, 168048, 9.853811
555, 95, 168048, 9.686750
555, 66, 168048, 9.467882
556, 40, 168048, 8.915803
556, 4, 168048, 8.709274
556, 41, 168048, 8.443090
557, 2, 168048, 7.377125
557, 19, 168048, 7.249272
557, 4, 168048, 6.256415
558, 2, 168048, 5.352223
558, 19, 168048, 5.005787
558, 4, 168048, 4.361948
559, 2, 168048, 2.683412
559, 3, 168048, 2.446384
559, 4, 168048, 2.374216
560, 3, 168048, 3.465107
560, 2, 168048, 3.089520
560, 4, 168048, 2.084114
561, 4, 168048, 2.761900
561, 2, 168048, 2.570123
561, 3, 168048, 2.232300
562, 2, 168048, 2.670945
562, 3, 168048, 2.360313
562, 4, 168048, 2.352974
563, 3, 168048, 2.815621
563, 2, 168048, 2.800906
563, 4, 168048, 2.316119
564, 2, 168048, 2.582823
564, 4, 168048, 2.559069
564, 3, 168048, 2.097494
565, 2, 168048, 2.690713
565, 3, 168048, 2.551809
565, 4, 168048, 2.186617
566, 2, 168048, 2.565824
566, 4, 168048, 2.360662
566, 3, 168048, 2.245368
567, 2, 168048, 2.504885
567, 4, 168048, 2.276065
567, 3, 168048, 2.102361
568, 2, 168048, 3.012503
568, 3, 168048, 2.448358
568, 19, 168048, 2.437516
569, 2, 168048, 3.086674
569, 19, 168048, 2.545779
569, 3, 168048, 2.252759
570, 20, 168048, 3.057985
570, 19, 168048, 2.484414
570, 3, 168048, 2.224524
571, 20, 168048, 2.916459
571, 19, 168048, 2.327886
571, 3, 168048, 2.270545
572, 20, 168048, 2.744992
572, 3, 168048, 2.492490
572, 19, 168048, 2.357304
573, 20, 168048, 2.919087
573, 19, 168048, 2.619183
573, 3, 168048, 2.258796
574, 2, 168048, 2.528812
574, 4, 168048, 2.268813
574, 3, 168048, 2.213333
575, 2, 168048, 3.760996
575, 18, 168048, 3.465838
575, 4, 168048, 2.600160
576, 4, 168048, 3.397244
576, 2, 168048, 3.039316
576, 3, 168048, 2.257437
577, 3, 168048, 3.518932
577, 2, 168048, 3.437742
577, 4, 168048, 2.575127
578, 11, 168048, 3.625562
578, 2, 168048, 3.184172
578, 4, 168048, 2.267130
579, 13, 168048, 5.912616
579, 7, 168048, 5.427538
579, 11, 168048, 5.313654
580, 3, 168048, 6.250019
580, 11, 168048, 5.743434
580, 7, 168048, 5.650053
581, 7, 168048, 7.467138
581, 8, 168048, 7.215214
581, 3, 168048, 6.999753
582, 5, 168048, 6.401643
582, 7, 168048, 6.085752
582, 6, 168048, 5.841805
583, 10, 168048, 8.412743
583, 8, 168048, 8.373458
583, 6, 168048, 7.839955
584, 8, 168048, 11.527874
584, 10, 168048, 11.418993
584, 6, 168048, 10.844942
585, 6, 168048, 12.572239
585, 40, 168048, 12.126865
585, 41, 168048, 11.929819
586, 26, 168048, 10.339170
586, 38, 168048, 10.239907
586, 40, 168048, 9.753824
587, 26, 168048, 14.241649
587, 41, 168048, 14.184013
587, 40, 168048, 13.603157
588, 38, 168048, 12.221292
588, 53, 168048, 12.185307
588, 26, 168048, 11.543524
589, 40, 168048, 11.685369
589, 6, 168048, 11.526528
589, 26, 168048, 11.384768
590, 33, 168048, 14.310420
590, 14, 168048, 13.953753
590, 15, 168048, 13.577763
591, 15, 168048, 14.089363
591, 24, 168048, 14.078321
591, 14, 168048, 13.974540
592, 26, 168048, 12.895553
592, 55, 168048, 12.612529
592, 33, 168048, 12.531199
593, 54, 168048, 11.194088
593, 55, 168048, 10.370916
593, 53, 168048, 10.243150
594, 53, 168048, 10.786719
594, 33, 168048, 10.319604
594, 26, 168048, 10.292213
595, 53, 168048, 11.058469
595, 34, 168048, 10.903453
595, 33, 168048, 10.641487
596, 34, 168048, 13.675827
596, 33, 168048, 13.459957
596, 35, 168048, 12.856350
597, 46, 168048, 12.811108
597, 53, 168048, 12.784785
597, 35, 168048, 12.513217
598, 58, 168048, 10.557951
598, 45, 168048, 10.518000
598, 46, 168048, 9.659898
599, 70, 168048, 9.339979
599, 60, 168048, 9.302399
599, 71, 168048, 8.620486
600, 60, 168048, 9.414616
600, 58, 168048, 9.175149
600, 69, 168048, 8.745481
601, 58, 168048, 10.423841
601, 59, 168048, 10.354333
601, 46, 168048, 10.161610
602, 58, 168048, 14.292909
602, 71, 168048, 13.944779
602, 69, 168048, 13.893741
603, 46, 168048, 13.434236
603, 69, 168048, 13.332593
603, 87, 168048, 12.675344
604, 60, 168048, 12.396180
604, 69, 168048, 11.844202
604, 87, 168048, 11.798808
605, 47, 168048, 12.457186
605, 58, 168048, 12.243949
605, 59, 168048, 11.936028
606, 58, 168048, 11.489052
606, 47, 168048, 11.450644
606, 59, 168048, 11.218114
607, 60, 168048, 9.962721
607, 47, 168048, 9.902912
607, 58, 168048, 9.438798
608, 45, 168048, 7.882506
608, 46, 168048, 7.648382
608, 47, 168048, 7.209382
609, 58, 168048, 11.339056
609, 79, 168048, 11.315448
609, 47, 168048, 10.265420
610, 47, 168048, 8.686609
610, 59, 168048, 8.453828
610, 60, 168048, 8.386436
611, 59, 168048, 7.059202
611, 76, 168048, 6.890681
611, 69, 168048, 6.657678
612, 85, 168048, 8.660586
612, 69, 168048, 8.316786
612, 87, 168048, 7.954850
613, 90, 168048, 9.373336
613, 69, 168048, 9.078053
613, 87, 168048, 8.667997
614, 58, 168048, 9.847895
614, 59, 168048, 9.251704
614, 60, 168048, 8.524883
615, 79, 168048, 8.238372
615, 90, 168048, 7.908609
615, 87, 168048, 7.607484
616, 76, 168048, 9.800082
616, 87, 168048, 9.553754
616, 90, 168048, 9.395650
617, 59, 168048, 6.550217
617, 79, 168048, 6.134123
617, 60, 168048, 6.113521
618, 47, 168048, 8.085122
618, 45, 168048, 8.026069
618, 46, 168048, 7.102159
619, 50, 168048, 7.128548
619, 45, 168048, 7.069510
619, 46, 168048, 5.797904
620, 50, 168048, 7.085444
620, 45, 168048, 6.537055
620, 46, 168048, 5.489815
621, 3, 168048, 9.698634
621, 13, 168048, 9.605585
621, 18, 168048, 9.423146
622, 20, 168048, 11.782100
622, 3, 168048, 11.697309
622, 402, 168043, 11.603338
623, 396, 168043, 6.450061
623, 397, 168043, 6.280803
623, 399, 168043, 5.773255
624, 397, 168043, 10.638727
624, 396, 168043, 10.571749
624, 399, 168043, 9.920047
625, 398, 168043, 7.651614
625, 400, 168043, 7.496039
625, 399, 168043, 6.787481
626, 399, 168043, 12.022942
626, 396, 168043, 11.912482
626, 397, 168043, 11.776045
627, 396, 168043, 12.983946
627, 399, 168043, 12.756779
627, 397, 168043, 12.415318
628, 396, 168043, 8.766746
628, 399, 168043, 8.450873
628, 397, 168043, 8.222566
629, 399, 168043, 8.622859
629, 396, 168043, 8.389635
629, 397, 168043, 7.494247
630, 399, 168043, 11.395419
630, 396, 168043, 11.100129
630, 397, 168043, 10.654659
631, 396, 168043, 10.098253
631, 399, 168043, 10.023760
631, 397, 168043, 9.451524
632, 395, 168043, 5.086134
632, 396, 168043, 4.616110
632, 397, 168043, 3.689476
633, 399, 168043, 4.890478
633, 396, 168043, 4.867480
633, 397, 168043, 4.762576
634, 397, 168043, 7.158580
634, 399, 168043, 7.070993
634, 396, 168043, 7.009222
635, 399, 168043, 5.472058
635, 397, 168043, 5.000036
635, 396, 168043, 4.951656
636, 397, 168043, 6.220437
636, 391, 168043, 5.798419
636, 393, 168043, 5.708154
637, 396, 168043, 6.933635
637, 392, 168043, 5.801070
637, 393, 168043, 5.077623
638, 392, 168043, 6.469700
638, 397, 168043, 6.375691
638, 393, 168043, 5.753731
639, 399, 168043, 4.858922
639, 396, 168043, 4.106966
639, 397, 168043, 3.985632
640, 397, 168043, 4.874799
640, 391, 168043, 4.684726
640, 396, 168043, 4.514207
641, 399, 168043, 7.510176
641, 397, 168043, 7.300848
641, 396, 168043, 7.211269
642, 399, 168043, 10.432888
642, 397, 168043, 10.260190
642, 396, 168043, 10.200331
643, 396, 168043, 12.498699
643, 47, 168048, 12.029011
643, 397, 168043, 11.789267
644, 397, 168043, 11.604353
644, 396, 168043, 11.501601
644, 399, 168043, 11.236906
645, 399, 168043, 9.512268
645, 396, 168043, 8.938966
645, 397, 168043, 8.141248
646, 396, 168043, 7.402276
646, 393, 168043, 7.271125
646, 397, 168043, 6.872637
647, 395, 168043, 8.492932
647, 392, 168043, 7.146194
647, 393, 168043, 6.844123
648, 395, 168043, 8.181884
648, 397, 168043, 7.653445
648, 396, 168043, 7.398763
649, 392, 168043, 10.005077
649, 396, 168043, 9.565998
649, 397, 168043, 8.758655
650, 397, 168043, 10.324996
650, 399, 168043, 10.264543
650, 396, 168043, 10.033194
651, 396, 168043, 11.883401
651, 393, 168043, 11.794780
651, 391, 168043, 11.514226
652, 388, 168043, 12.526861
652, 45, 168048, 12.438205
652, 46, 168048, 11.341126
653, 46, 168048, 13.889626
653, 384, 168043, 13.648017
653, 391, 168043, 13.596876
654, 7, 168047, 16.045019
654, 8, 168047, 15.861125
654, 6, 168047, 15.512820
655, 45, 168048, 13.547551
655, 47, 168048, 13.368635
655, 46, 168048, 12.763959
656, 18, 168048, 14.746981
656, 46, 168048, 14.677972
656, 20, 168048, 14.309387
657, 16, 168047, 15.559081
657, 6, 168047, 15.458588
657, 26, 168047, 15.430406
658, 46, 168048, 16.296162
658, 7, 168047, 16.160593
658, 6, 168047, 15.472146
659, 5, 168047, 14.247791
659, 6, 168047, 13.644544
659, 7, 168047, 13.614761
660, 8, 168047, 12.425250
660, 6, 168047, 12.229346
660, 7, 168047, 11.963796
661, 46, 168048, 21.199299
661, 396, 168046, 21.050947
661, 397, 168046, 20.336874
662, 6, 168047, 14.635412
662, 8, 168047, 14.586706
662, 7, 168047, 14.051953
663, 399, 168046, 19.376160
663, 396, 168046, 18.992992
663, 397, 168046, 18.525402
664, 399, 168046, 19.373856
664, 396, 168046, 19.294342
664, 397, 168046, 19.233368
665, 399, 168046, 20.191124
665, 396, 168046, 19.638039
665, 397, 168046, 19.621428
666, 392, 168046, 16.910736
666, 396, 168046, 15.812030
666, 397, 168046, 15.218940
667, 399, 168046, 14.038450
667, 400, 168046, 13.824341
667, 397, 168046, 13.569267
668, 396, 168046, 13.191836
668, 399, 168046, 12.983315
668, 397, 168046, 12.491335
669, 395, 168046, 15.557985
669, 397, 168046, 15.474365
669, 393, 168046, 14.795704
670, 397, 168046, 13.191136
670, 395, 168046, 12.445754
670, 400, 168046, 12.300997
671, 399, 168046, 13.572402
671, 395, 168046, 13.466616
671, 400, 168046, 12.965894
672, 400, 168046, 10.227752
672, 402, 168046, 9.934932
672, 399, 168046, 9.509123
673, 400, 168046, 10.401202
673, 402, 168046, 10.190566
673, 399, 168046, 10.053720
674, 396, 168046, 13.630991
674, 399, 168046, 13.532160
674, 397, 168046, 13.430235
675, 402, 168046, 14.575459
675, 398, 168046, 14.559549
675, 399, 168046, 13.479817
676, 400, 168046, 14.567151
676, 397, 168046, 14.233921
676, 399, 168046, 14.132176
677, 396, 168046, 15.576052
677, 399, 168046, 15.428720
677, 397, 168046, 14.921022
678, 399, 168046, 17.388966
678, 400, 168046, 17.133282
678, 397, 168046, 16.432852
679, 395, 168046, 16.801739
679, 400, 168046, 16.754694
679, 397, 168046, 16.685244
680, 396, 168046, 18.122736
680, 397, 168046, 18.000885
680, 399, 168046, 17.840580
681, 395, 168046, 15.804845
681, 400, 168046, 15.801525
681, 397, 168046, 15.731623
682, 399, 168046, 16.293541
682, 396, 168046, 15.787451
682, 397, 168046, 14.989669
683, 399, 168046, 19.463699
683, 396, 168046, 19.315609
683, 397, 168046, 18.524723
684, 396, 168046, 17.085894
684, 399, 168046, 17.055290
684, 397, 168046, 16.333632
685, 399, 168046, 15.314321
685, 401, 168046, 15.265260
685, 402, 168046, 14.440076
686, 401, 168046, 16.648935
686, 399, 168046, 16.288979
686, 400, 168046, 16.024673
687, 398, 168046, 15.515684
687, 400, 168046, 14.922804
687, 399, 168046, 14.857230
688, 398, 168046, 18.151909
688, 400, 168046, 17.839222
688, 399, 168046, 17.536213
689, 398, 168046, 19.491499
689, 399, 168046, 19.027067
689, 400, 168046, 18.788057
690, 401, 168046, 21.072807
690, 400, 168046, 20.804211
690, 399, 168046, 20.778608
691, 403, 168052, 19.679264
691, 366, 168043, 19.562149
691, 399, 168046, 19.090702
692, 396, 168046, 15.937812
692, 405, 168052, 13.491028
692, 403, 168052, 13.480456
693, 397, 168046, 17.307560
693, 403, 168052, 13.019262
693, 405, 168052, 12.374683
694, 397, 168046, 16.602245
694, 403, 168052, 15.706441
694, 405, 168052, 15.001175
695, 396, 168046, 15.097026
695, 399, 168046, 14.818868
695, 397, 168046, 14.273551
696, 399, 168046, 18.000309
696, 396, 168046, 17.913345
696, 397, 168046, 17.693710
697, 397, 168046, 20.360210
697, 396, 168046, 20.353504
697, 366, 168043, 19.876724
698, 407, 168046, 16.307554
698, 405, 168052, 14.531286
698, 403, 168052, 14.034699
699, 407, 168046, 20.103102
699, 405, 168052, 15.394546
699, 403, 168052, 15.211424
700, 407, 168046, 18.796579
700, 403, 168052, 18.058075
700, 405, 168052, 17.803713
701, 402, 168046, 18.411461
701, 405, 168052, 16.401392
701, 403, 168052, 15.917523
702, 365, 168043, 14.310973
702, 405, 168052, 14.116876
702, 366, 168043, 13.209397
703, 366, 168043, 16.291449
703, 405, 168052, 14.641186
703, 403, 168052, 13.880333
704, 400, 168043, 15.281582
704, 366, 168043, 15.046062
704, 370, 168043, 14.499839
705, 397, 168046, 18.872824
705, 403, 168052, 10.622849
705, 405, 168052, 10.094516
706, 396, 168046, 17.056587
706, 393, 168046, 16.841427
706, 397, 168046, 16.188105
707, 402, 168046, 17.279242
707, 403, 168052, 12.809913
707, 405, 168052, 12.119193
708, 365, 168043, 16.050051
708, 367, 168043, 15.783809
708, 366, 168043, 15.332585
709, 400, 168046, 17.985289
709, 367, 168043, 17.915504
709, 399, 168046, 17.775013
710, 365, 168043, 19.844004
710, 366, 168043, 19.404375
710, 367, 168043, 19.160654
711, 396, 168046, 13.435551
711, 397, 168046, 13.328846
711, 399, 168046, 12.564878
712, 367, 168043, 13.566841
712, 399, 168046, 13.408841
712, 366, 168043, 13.281666
713, 366, 168043, 11.838186
713, 367, 168043, 11.488602
713, 399, 168046, 11.482911
714, 354, 168043, 11.658084
714, 350, 168043, 11.525877
714, 351, 168043, 11.521392
715, 399, 168046, 12.206333
715, 395, 168046, 11.904092
715, 400, 168046, 11.757854
716, 399, 168046, 11.240543
716, 396, 168046, 10.346338
716, 397, 168046, 9.812382
717, 396, 168046, 14.632170
717, 393, 168046, 14.525460
717, 351, 168043, 14.226680
718, 326, 168043, 8.317384
718, 351, 168043, 8.100139
718, 338, 168043, 7.741290
719, 337, 168043, 9.469321
719, 326, 168043, 8.646933
719, 338, 168043, 8.468436
720, 338, 168043, 8.737867
720, 340, 168043, 8.591494
720, 326, 168043, 8.195361
721, 338, 168043, 10.682869
721, 326, 168043, 10.492210
721, 340, 168043, 10.470611
722, 325, 168043, 9.155910
722, 338, 168043, 9.149500
722, 326, 168043, 8.229313
723, 325, 168043, 7.399614
723, 326, 168043, 7.020694
723, 327, 168043, 6.831896
724, 327, 168043, 13.904080
724, 325, 168043, 13.840984
724, 326, 168043, 12.910531
725, 380, 168046, 15.752304
725, 388, 168046, 15.640596
725, 387, 168046, 15.403573
726, 389, 168046, 13.907393
726, 387, 168046, 13.120378
726, 395, 168046, 13.111212
727, 397, 168046, 13.522656
727, 400, 168046, 13.414287
727, 395, 168046, 13.303114
728, 400, 168046, 12.895506
728, 399, 168046, 12.727158
728, 397, 168046, 12.675968
729, 399, 168046, 10.059122
729, 398, 168046, 10.003833
729, 400, 168046, 9.128460
730, 379, 168046, 7.333115
730, 380, 168046, 7.227397
730, 367, 168046, 7.036482
731, 400, 168046, 11.607498
731, 401, 168046, 11.000146
731, 402, 168046, 10.080160
732, 380, 168046, 15.055685
732, 401, 168046, 14.748622
732, 402, 168046, 14.292442
733, 379, 168046, 16.523302
733, 367, 168046, 16.309326
733, 326, 168043, 15.993863
734, 367, 168046, 17.990526
734, 327, 168043, 17.692947
734, 380, 168046, 17.610228
735, 326, 168043, 16.843014
735, 380, 168046, 16.823774
735, 402, 168046, 16.492117
736, 395, 168046, 17.718872
736, 401, 168046, 16.449663
736, 402, 168046, 16.102736
737, 395, 168046, 17.442314
737, 387, 168046, 17.269508
737, 380, 168046, 17.068645
738, 380, 168046, 19.128506
738, 327, 168043, 19.126329
738, 402, 168046, 18.962994
739, 402, 168046, 18.305258
739, 379, 168046, 18.166702
739, 380, 168046, 17.875170
740, 399, 168046, 18.887779
740, 402, 168046, 17.894520
740, 401, 168046, 17.818081
741, 400, 168046, 20.464779
741, 402, 168046, 20.228790
741, 401, 168046, 19.823521
742, 396, 168046, 17.654713
742, 402, 168046, 17.379913
742, 401, 168046, 17.012781
743, 380, 168046, 18.625378
743, 401, 168046, 17.911257
743, 402, 168046, 17.410076
744, 327, 168043, 14.586529
744, 405, 168047, 12.345677
744, 403, 168047, 12.234637
745, 380, 168046, 15.975387
745, 326, 168043, 15.805530
745, 327, 168043, 15.609968
746, 325, 168043, 13.806035
746, 326, 168043, 13.562674
746, 327, 168043, 13.087385
747, 339, 168043, 7.493457
747, 340, 168043, 7.242353
747, 327, 168043, 6.666854
748, 325, 168043, 7.506645
748, 326, 168043, 7.368929
748, 327, 168043, 6.849761
749, 358, 168043, 10.011684
749, 361, 168043, 9.711494
749, 407, 168043, 8.936885
750, 325, 168043, 9.836242
750, 327, 168043, 8.686844
750, 407, 168043, 5.008744
